inherited Form1_iPhone55in: TForm1_iPhone55in
  ClientHeight = 716
  ClientWidth = 414
  DesignerMasterStyle = 0
  inherited ListBox1: TListBox
    Position.X = 24.000000000000000000
    Position.Y = 24.000000000000000000
    Viewport.Width = 200.000000000000000000
    Viewport.Height = 200.000000000000000000
  end
end
